p(00|00) p(00|01) p(00|10) p(00|11) p(01|00) p(01|01) p(01|10) p(01|11) p(02|00) p(02|01) p(02|10) p(02|11) p(10|00) p(10|01) p(10|10) p(10|11) p(11|00) p(11|01) p(11|10) p(11|11) p(12|00) p(12|01) p(12|10) p(12|11) p(20|00) p(20|01) p(20|10) p(20|11) p(21|00) p(21|01) p(21|10) p(21|11) p(22|00) p(22|01) p(22|10) p(22|11) 
   0        0        0        0        0        0        0        0        0        0        0        0        0        0        0        0        0        0        0        0        0        0        0        0        0        0        0        0        0        0        0        0        1        1        1        1
   0        0        0        0        0        0        0        0        0        0        0        0        0        0        0        0        0        0        0        0        0        0        0        0        0        0        0        0        0        1        0        1        1        0        1        0
   0        0        0        0        0        0        0        0        0        0        0        0        0        0        0        0        0        0        0        0        0        0        0        0        0        0        0        0        1        0        1        0        0        1        0        1
   0        0        0        0        0        0        0        0        0        0        0        0        0        0        0        0        0        0        0        0        0        0        0        0        0        0        0        0        1        1        1        1        0        0        0        0
   0        0        0        0        0        0        0        0        0        0        0        0        0        0        0        0        0        0        0        0        0        0        0        0        0        1        0        1        0        0        0        0        1        0        1        0
   0        0        0        0        0        0        0        0        0        0        0        0        0        0        0        0        0        0        0        0        0        0        0        0        0        1        0        1        1        0        1        0        0        0        0        0
   0        0        0        0        0        0        0        0        0        0        0        0        0        0        0        0        0        0        0        0        0        0        0        0        1        0        1        0        0        0        0        0        0        1        0        1
   0        0        0        0        0        0        0        0        0        0        0        0        0        0        0        0        0        0        0        0        0        0        0        0        1        0        1        0        0        1        0        1        0        0        0        0
   0        0        0        0        0        0        0        0        0        0        0        0        0        0        0        0        0        0        0        0        0        0        0        0        1        1        1        1        0        0        0        0        0        0        0        0
   0        0        0        0        0        0        0        0        0        0        0        0        0        0        0        0        0        0        0        0        0        0        1        1        0        0        0        0        0        0        0        0        1        1        0        0
   0        0        0        0        0        0        0        0        0        0        0        0        0        0        0        0        0        0        0        0        1        1        0        0        0        0        0        0        0        0        0        0        0        0        1        1
   0        0        0        0        0        0        0        0        0        0        0        0        0        0        0        0        0        0        0        0        1        1        1        1        0        0        0        0        0        0        0        0        0        0        0        0
   0        0        0        0        0        0        0        0        0        0        0        0        0        0        0        0        0        0        0        1        0        0        1        0        0        0        0        0        0        1        0        0        1        0        0        0
   0        0        0        0        0        0        0        0        0        0        0        0        0        0        0        0        0        0        1        0        0        0        0        1        0        0        0        0        1        0        0        0        0        1        0        0
   0        0        0        0        0        0        0        0        0        0        0        0        0        0        0        0        0        0        1        1        0        0        0        0        0        0        0        0        1        1        0        0        0        0        0        0
   0        0        0        0        0        0        0        0        0        0        0        0        0        0        0        0        0        1        0        0        1        0        0        0        0        0        0        0        0        0        0        1        0        0        1        0
   0        0        0        0        0        0        0        0        0        0        0        0        0        0        0        0        0        1        0        1        1        0        1        0        0        0        0        0        0        0        0        0        0        0        0        0
   0        0        0        0        0        0        0        0        0        0        0        0        0        0        0        0        1        0        0        0        0        1        0        0        0        0        0        0        0        0        1        0        0        0        0        1
   0        0        0        0        0        0        0        0        0        0        0        0        0        0        0        0        1        0        1        0        0        1        0        1        0        0        0        0        0        0        0        0        0        0        0        0
   0        0        0        0        0        0        0        0        0        0        0        0        0        0        0        0        1        1        0        0        0        0        0        0        0        0        0        0        0        0        1        1        0        0        0        0
   0        0        0        0        0        0        0        0        0        0        0        0        0        0        0        0        1        1        1        1        0        0        0        0        0        0        0        0        0        0        0        0        0        0        0        0
   0        0        0        0        0        0        0        0        0        0        0        0        0        0        0        1        0        0        0        0        0        0        1        0        0        1        0        0        0        0        0        0        1        0        0        0
   0        0        0        0        0        0        0        0        0        0        0        0        0        0        0        1        0        0        1        0        0        0        0        0        0        1        0        0        1        0        0        0        0        0        0        0
   0        0        0        0        0        0        0        0        0        0        0        0        0        0        1        0        0        0        0        0        0        0        0        1        1        0        0        0        0        0        0        0        0        1        0        0
   0        0        0        0        0        0        0        0        0        0        0        0        0        0        1        0        0        0        0        1        0        0        0        0        1        0        0        0        0        1        0        0        0        0        0        0
   0        0        0        0        0        0        0        0        0        0        0        0        0        0        1        1        0        0        0        0        0        0        0        0        1        1        0        0        0        0        0        0        0        0        0        0
   0        0        0        0        0        0        0        0        0        0        0        0        0        1        0        0        0        0        0        0        1        0        0        0        0        0        0        1        0        0        0        0        0        0        1        0
   0        0        0        0        0        0        0        0        0        0        0        0        0        1        0        0        1        0        0        0        0        0        0        0        0        0        0        1        0        0        1        0        0        0        0        0
   0        0        0        0        0        0        0        0        0        0        0        0        0        1        0        1        0        0        0        0        1        0        1        0        0        0        0        0        0        0        0        0        0        0        0        0
   0        0        0        0        0        0        0        0        0        0        0        0        0        1        0        1        1        0        1        0        0        0        0        0        0        0        0        0        0        0        0        0        0        0        0        0
   0        0        0        0        0        0        0        0        0        0        0        0        1        0        0        0        0        0        0        0        0        1        0        0        0        0        1        0        0        0        0        0        0        0        0        1
   0        0        0        0        0        0        0        0        0        0        0        0        1        0        0        0        0        1        0        0        0        0        0        0        0        0        1        0        0        0        0        1        0        0        0        0
   0        0        0        0        0        0        0        0        0        0        0        0        1        0        1        0        0        0        0        0        0        1        0        1        0        0        0        0        0        0        0        0        0        0        0        0
   0        0        0        0        0        0        0        0        0        0        0        0        1        0        1        0        0        1        0        1        0        0        0        0        0        0        0        0        0        0        0        0        0        0        0        0
   0        0        0        0        0        0        0        0        0        0        0        0        1        1        0        0        0        0        0        0        0        0        0        0        0        0        1        1        0        0        0        0        0        0        0        0
   0        0        0        0        0        0        0        0        0        0        0        0        1        1        1        1        0        0        0        0        0        0        0        0        0        0        0        0        0        0        0        0        0        0        0        0
   0        0        0        0        0        0        0        0        0        0        1        1        0        0        0        0        0        0        0        0        0        0        0        0        0        0        0        0        0        0        0        0        1        1        0        0
   0        0        0        0        0        0        0        0        0        0        1        1        0        0        0        0        0        0        0        0        1        1        0        0        0        0        0        0        0        0        0        0        0        0        0        0
   0        0        0        0        0        0        0        0        1        1        0        0        0        0        0        0        0        0        0        0        0        0        0        0        0        0        0        0        0        0        0        0        0        0        1        1
   0        0        0        0        0        0        0        0        1        1        0        0        0        0        0        0        0        0        0        0        0        0        1        1        0        0        0        0        0        0        0        0        0        0        0        0
   0        0        0        0        0        0        0        0        1        1        1        1        0        0        0        0        0        0        0        0        0        0        0        0        0        0        0        0        0        0        0        0        0        0        0        0
   0        0        0        0        0        0        0        1        0        0        1        0        0        0        0        0        0        0        0        0        0        0        0        0        0        0        0        0        0        1        0        0        1        0        0        0
   0        0        0        0        0        0        0        1        0        0        1        0        0        0        0        0        0        1        0        0        1        0        0        0        0        0        0        0        0        0        0        0        0        0        0        0
   0        0        0        0        0        0        1        0        0        0        0        1        0        0        0        0        0        0        0        0        0        0        0        0        0        0        0        0        1        0        0        0        0        1        0        0
   0        0        0        0        0        0        1        0        0        0        0        1        0        0        0        0        1        0        0        0        0        1        0        0        0        0        0        0        0        0        0        0        0        0        0        0
   0        0        0        0        0        0        1        1        0        0        0        0        0        0        0        0        0        0        0        0        0        0        0        0        0        0        0        0        1        1        0        0        0        0        0        0
   0        0        0        0        0        0        1        1        0        0        0        0        0        0        0        0        1        1        0        0        0        0        0        0        0        0        0        0        0        0        0        0        0        0        0        0
   0        0        0        0        0        1        0        0        1        0        0        0        0        0        0        0        0        0        0        0        0        0        0        0        0        0        0        0        0        0        0        1        0        0        1        0
   0        0        0        0        0        1        0        0        1        0        0        0        0        0        0        0        0        0        0        1        0        0        1        0        0        0        0        0        0        0        0        0        0        0        0        0
   0        0        0        0        0        1        0        1        1        0        1        0        0        0        0        0        0        0        0        0        0        0        0        0        0        0        0        0        0        0        0        0        0        0        0        0
   0        0        0        0        1        0        0        0        0        1        0        0        0        0        0        0        0        0        0        0        0        0        0        0        0        0        0        0        0        0        1        0        0        0        0        1
   0        0        0        0        1        0        0        0        0        1        0        0        0        0        0        0        0        0        1        0        0        0        0        1        0        0        0        0        0        0        0        0        0        0        0        0
   0        0        0        0        1        0        1        0        0        1        0        1        0        0        0        0        0        0        0        0        0        0        0        0        0        0        0        0        0        0        0        0        0        0        0        0
   0        0        0        0        1        1        0        0        0        0        0        0        0        0        0        0        0        0        0        0        0        0        0        0        0        0        0        0        0        0        1        1        0        0        0        0
   0        0        0        0        1        1        0        0        0        0        0        0        0        0        0        0        0        0        1        1        0        0        0        0        0        0        0        0        0        0        0        0        0        0        0        0
   0        0        0        0        1        1        1        1        0        0        0        0        0        0        0        0        0        0        0        0        0        0        0        0        0        0        0        0        0        0        0        0        0        0        0        0
   0        0        0        1        0        0        0        0        0        0        1        0        0        0        0        0        0        0        0        0        0        0        0        0        0        1        0        0        0        0        0        0        1        0        0        0
   0        0        0        1        0        0        0        0        0        0        1        0        0        1        0        0        0        0        0        0        1        0        0        0        0        0        0        0        0        0        0        0        0        0        0        0
   0        0        0        1        0        0        1        0        0        0        0        0        0        0        0        0        0        0        0        0        0        0        0        0        0        1        0        0        1        0        0        0        0        0        0        0
   0        0        0        1        0        0        1        0        0        0        0        0        0        1        0        0        1        0        0        0        0        0        0        0        0        0        0        0        0        0        0        0        0        0        0        0
   0        0        1        0        0        0        0        0        0        0        0        1        0        0        0        0        0        0        0        0        0        0        0        0        1        0        0        0        0        0        0        0        0        1        0        0
   0        0        1        0        0        0        0        0        0        0        0        1        1        0        0        0        0        0        0        0        0        1        0        0        0        0        0        0        0        0        0        0        0        0        0        0
   0        0        1        0        0        0        0        1        0        0        0        0        0        0        0        0        0        0        0        0        0        0        0        0        1        0        0        0        0        1        0        0        0        0        0        0
   0        0        1        0        0        0        0        1        0        0        0        0        1        0        0        0        0        1        0        0        0        0        0        0        0        0        0        0        0        0        0        0        0        0        0        0
   0        0        1        1        0        0        0        0        0        0        0        0        0        0        0        0        0        0        0        0        0        0        0        0        1        1        0        0        0        0        0        0        0        0        0        0
   0        0        1        1        0        0        0        0        0        0        0        0        1        1        0        0        0        0        0        0        0        0        0        0        0        0        0        0        0        0        0        0        0        0        0        0
   0        1        0        0        0        0        0        0        1        0        0        0        0        0        0        0        0        0        0        0        0        0        0        0        0        0        0        1        0        0        0        0        0        0        1        0
   0        1        0        0        0        0        0        0        1        0        0        0        0        0        0        1        0        0        0        0        0        0        1        0        0        0        0        0        0        0        0        0        0        0        0        0
   0        1        0        0        1        0        0        0        0        0        0        0        0        0        0        0        0        0        0        0        0        0        0        0        0        0        0        1        0        0        1        0        0        0        0        0
   0        1        0        0        1        0        0        0        0        0        0        0        0        0        0        1        0        0        1        0        0        0        0        0        0        0        0        0        0        0        0        0        0        0        0        0
   0        1        0        1        0        0        0        0        1        0        1        0        0        0        0        0        0        0        0        0        0        0        0        0        0        0        0        0        0        0        0        0        0        0        0        0
   0        1        0        1        1        0        1        0        0        0        0        0        0        0        0        0        0        0        0        0        0        0        0        0        0        0        0        0        0        0        0        0        0        0        0        0
   1        0        0        0        0        0        0        0        0        1        0        0        0        0        0        0        0        0        0        0        0        0        0        0        0        0        1        0        0        0        0        0        0        0        0        1
   1        0        0        0        0        0        0        0        0        1        0        0        0        0        1        0        0        0        0        0        0        0        0        1        0        0        0        0        0        0        0        0        0        0        0        0
   1        0        0        0        0        1        0        0        0        0        0        0        0        0        0        0        0        0        0        0        0        0        0        0        0        0        1        0        0        0        0        1        0        0        0        0
   1        0        0        0        0        1        0        0        0        0        0        0        0        0        1        0        0        0        0        1        0        0        0        0        0        0        0        0        0        0        0        0        0        0        0        0
   1        0        1        0        0        0        0        0        0        1        0        1        0        0        0        0        0        0        0        0        0        0        0        0        0        0        0        0        0        0        0        0        0        0        0        0
   1        0        1        0        0        1        0        1        0        0        0        0        0        0        0        0        0        0        0        0        0        0        0        0        0        0        0        0        0        0        0        0        0        0        0        0
   1        1        0        0        0        0        0        0        0        0        0        0        0        0        0        0        0        0        0        0        0        0        0        0        0        0        1        1        0        0        0        0        0        0        0        0
   1        1        0        0        0        0        0        0        0        0        0        0        0        0        1        1        0        0        0        0        0        0        0        0        0        0        0        0        0        0        0        0        0        0        0        0
   1        1        1        1        0        0        0        0        0        0        0        0        0        0        0        0        0        0        0        0        0        0        0        0        0        0        0        0        0        0        0        0        0        0        0        0
