p(00|00) p(00|01) p(00|02) p(00|10) p(00|11) p(00|12) p(00|20) p(00|21) p(00|22) p(01|00) p(01|01) p(01|02) p(01|10) p(01|11) p(01|12) p(01|20) p(01|21) p(01|22) p(10|00) p(10|01) p(10|02) p(10|10) p(10|11) p(10|12) p(10|20) p(10|21) p(10|22) p(11|00) p(11|01) p(11|02) p(11|10) p(11|11) p(11|12) p(11|20) p(11|21) p(11|22) 
   0        0        0        0        0        0        0        0        0        0        0        0        0        0        0        0        0        0        0        0        0        0        0        0        0        0        0        1        1        1        1        1        1        1        1        1
   0        0        0        0        0        0        0        0        0        0        0        0        0        0        0        0        0        0        0        0        1        0        0        1        0        0        1        1        1        0        1        1        0        1        1        0
   0        0        0        0        0        0        0        0        0        0        0        0        0        0        0        0        0        0        0        1        0        0        1        0        0        1        0        1        0        1        1        0        1        1        0        1
   0        0        0        0        0        0        0        0        0        0        0        0        0        0        0        0        0        0        0        1        1        0        1        1        0        1        1        1        0        0        1        0        0        1        0        0
   0        0        0        0        0        0        0        0        0        0        0        0        0        0        0        0        0        0        1        0        0        1        0        0        1        0        0        0        1        1        0        1        1        0        1        1
   0        0        0        0        0        0        0        0        0        0        0        0        0        0        0        0        0        0        1        0        1        1        0        1        1        0        1        0        1        0        0        1        0        0        1        0
   0        0        0        0        0        0        0        0        0        0        0        0        0        0        0        0        0        0        1        1        0        1        1        0        1        1        0        0        0        1        0        0        1        0        0        1
   0        0        0        0        0        0        0        0        0        0        0        0        0        0        0        0        0        0        1        1        1        1        1        1        1        1        1        0        0        0        0        0        0        0        0        0
   0        0        0        0        0        0        0        0        0        0        0        0        0        0        0        1        1        1        0        0        0        0        0        0        0        0        0        1        1        1        1        1        1        0        0        0
   0        0        0        0        0        0        0        0        0        0        0        0        1        1        1        0        0        0        0        0        0        0        0        0        0        0        0        1        1        1        0        0        0        1        1        1
   0        0        0        0        0        0        0        0        0        0        0        0        1        1        1        1        1        1        0        0        0        0        0        0        0        0        0        1        1        1        0        0        0        0        0        0
   0        0        0        0        0        0        0        0        0        1        1        1        0        0        0        0        0        0        0        0        0        0        0        0        0        0        0        0        0        0        1        1        1        1        1        1
   0        0        0        0        0        0        0        0        0        1        1        1        0        0        0        1        1        1        0        0        0        0        0        0        0        0        0        0        0        0        1        1        1        0        0        0
   0        0        0        0        0        0        0        0        0        1        1        1        1        1        1        0        0        0        0        0        0        0        0        0        0        0        0        0        0        0        0        0        0        1        1        1
   0        0        0        0        0        0        0        0        0        1        1        1        1        1        1        1        1        1        0        0        0        0        0        0        0        0        0        0        0        0        0        0        0        0        0        0
   0        0        0        0        0        0        0        0        1        0        0        0        0        0        0        1        1        0        0        0        1        0        0        1        0        0        0        1        1        0        1        1        0        0        0        0
   0        0        0        0        0        0        0        1        0        0        0        0        0        0        0        1        0        1        0        1        0        0        1        0        0        0        0        1        0        1        1        0        1        0        0        0
   0        0        0        0        0        0        0        1        1        0        0        0        0        0        0        1        0        0        0        1        1        0        1        1        0        0        0        1        0        0        1        0        0        0        0        0
   0        0        0        0        0        0        1        0        0        0        0        0        0        0        0        0        1        1        1        0        0        1        0        0        0        0        0        0        1        1        0        1        1        0        0        0
   0        0        0        0        0        0        1        0        1        0        0        0        0        0        0        0        1        0        1        0        1        1        0        1        0        0        0        0        1        0        0        1        0        0        0        0
   0        0        0        0        0        0        1        1        0        0        0        0        0        0        0        0        0        1        1        1        0        1        1        0        0        0        0        0        0        1        0        0        1        0        0        0
   0        0        0        0        0        0        1        1        1        0        0        0        0        0        0        0        0        0        1        1        1        1        1        1        0        0        0        0        0        0        0        0        0        0        0        0
   0        0        0        0        0        1        0        0        0        0        0        0        1        1        0        0        0        0        0        0        1        0        0        0        0        0        1        1        1        0        0        0        0        1        1        0
   0        0        0        0        0        1        0        0        1        0        0        0        1        1        0        1        1        0        0        0        1        0        0        0        0        0        0        1        1        0        0        0        0        0        0        0
   0        0        0        0        1        0        0        0        0        0        0        0        1        0        1        0        0        0        0        1        0        0        0        0        0        1        0        1        0        1        0        0        0        1        0        1
   0        0        0        0        1        0        0        1        0        0        0        0        1        0        1        1        0        1        0        1        0        0        0        0        0        0        0        1        0        1        0        0        0        0        0        0
   0        0        0        0        1        1        0        0        0        0        0        0        1        0        0        0        0        0        0        1        1        0        0        0        0        1        1        1        0        0        0        0        0        1        0        0
   0        0        0        0        1        1        0        1        1        0        0        0        1        0        0        1        0        0        0        1        1        0        0        0        0        0        0        1        0        0        0        0        0        0        0        0
   0        0        0        1        0        0        0        0        0        0        0        0        0        1        1        0        0        0        1        0        0        0        0        0        1        0        0        0        1        1        0        0        0        0        1        1
   0        0        0        1        0        0        1        0        0        0        0        0        0        1        1        0        1        1        1        0        0        0        0        0        0        0        0        0        1        1        0        0        0        0        0        0
   0        0        0        1        0        1        0        0        0        0        0        0        0        1        0        0        0        0        1        0        1        0        0        0        1        0        1        0        1        0        0        0        0        0        1        0
   0        0        0        1        0        1        1        0        1        0        0        0        0        1        0        0        1        0        1        0        1        0        0        0        0        0        0        0        1        0        0        0        0        0        0        0
   0        0        0        1        1        0        0        0        0        0        0        0        0        0        1        0        0        0        1        1        0        0        0        0        1        1        0        0        0        1        0        0        0        0        0        1
   0        0        0        1        1        0        1        1        0        0        0        0        0        0        1        0        0        1        1        1        0        0        0        0        0        0        0        0        0        1        0        0        0        0        0        0
   0        0        0        1        1        1        0        0        0        0        0        0        0        0        0        0        0        0        1        1        1        0        0        0        1        1        1        0        0        0        0        0        0        0        0        0
   0        0        0        1        1        1        1        1        1        0        0        0        0        0        0        0        0        0        1        1        1        0        0        0        0        0        0        0        0        0        0        0        0        0        0        0
   0        0        1        0        0        0        0        0        0        1        1        0        0        0        0        0        0        0        0        0        0        0        0        1        0        0        1        0        0        0        1        1        0        1        1        0
   0        0        1        0        0        0        0        0        1        1        1        0        0        0        0        1        1        0        0        0        0        0        0        1        0        0        0        0        0        0        1        1        0        0        0        0
   0        0        1        0        0        1        0        0        0        1        1        0        1        1        0        0        0        0        0        0        0        0        0        0        0        0        1        0        0        0        0        0        0        1        1        0
   0        0        1        0        0        1        0        0        1        1        1        0        1        1        0        1        1        0        0        0        0        0        0        0        0        0        0        0        0        0        0        0        0        0        0        0
   0        1        0        0        0        0        0        0        0        1        0        1        0        0        0        0        0        0        0        0        0        0        1        0        0        1        0        0        0        0        1        0        1        1        0        1
   0        1        0        0        0        0        0        1        0        1        0        1        0        0        0        1        0        1        0        0        0        0        1        0        0        0        0        0        0        0        1        0        1        0        0        0
   0        1        0        0        1        0        0        0        0        1        0        1        1        0        1        0        0        0        0        0        0        0        0        0        0        1        0        0        0        0        0        0        0        1        0        1
   0        1        0        0        1        0        0        1        0        1        0        1        1        0        1        1        0        1        0        0        0        0        0        0        0        0        0        0        0        0        0        0        0        0        0        0
   0        1        1        0        0        0        0        0        0        1        0        0        0        0        0        0        0        0        0        0        0        0        1        1        0        1        1        0        0        0        1        0        0        1        0        0
   0        1        1        0        0        0        0        1        1        1        0        0        0        0        0        1        0        0        0        0        0        0        1        1        0        0        0        0        0        0        1        0        0        0        0        0
   0        1        1        0        1        1        0        0        0        1        0        0        1        0        0        0        0        0        0        0        0        0        0        0        0        1        1        0        0        0        0        0        0        1        0        0
   0        1        1        0        1        1        0        1        1        1        0        0        1        0        0        1        0        0        0        0        0        0        0        0        0        0        0        0        0        0        0        0        0        0        0        0
   1        0        0        0        0        0        0        0        0        0        1        1        0        0        0        0        0        0        0        0        0        1        0        0        1        0        0        0        0        0        0        1        1        0        1        1
   1        0        0        0        0        0        1        0        0        0        1        1        0        0        0        0        1        1        0        0        0        1        0        0        0        0        0        0        0        0        0        1        1        0        0        0
   1        0        0        1        0        0        0        0        0        0        1        1        0        1        1        0        0        0        0        0        0        0        0        0        1        0        0        0        0        0        0        0        0        0        1        1
   1        0        0        1        0        0        1        0        0        0        1        1        0        1        1        0        1        1        0        0        0        0        0        0        0        0        0        0        0        0        0        0        0        0        0        0
   1        0        1        0        0        0        0        0        0        0        1        0        0        0        0        0        0        0        0        0        0        1        0        1        1        0        1        0        0        0        0        1        0        0        1        0
   1        0        1        0        0        0        1        0        1        0        1        0        0        0        0        0        1        0        0        0        0        1        0        1        0        0        0        0        0        0        0        1        0        0        0        0
   1        0        1        1        0        1        0        0        0        0        1        0        0        1        0        0        0        0        0        0        0        0        0        0        1        0        1        0        0        0        0        0        0        0        1        0
   1        0        1        1        0        1        1        0        1        0        1        0        0        1        0        0        1        0        0        0        0        0        0        0        0        0        0        0        0        0        0        0        0        0        0        0
   1        1        0        0        0        0        0        0        0        0        0        1        0        0        0        0        0        0        0        0        0        1        1        0        1        1        0        0        0        0        0        0        1        0        0        1
   1        1        0        0        0        0        1        1        0        0        0        1        0        0        0        0        0        1        0        0        0        1        1        0        0        0        0        0        0        0        0        0        1        0        0        0
   1        1        0        1        1        0        0        0        0        0        0        1        0        0        1        0        0        0        0        0        0        0        0        0        1        1        0        0        0        0        0        0        0        0        0        1
   1        1        0        1        1        0        1        1        0        0        0        1        0        0        1        0        0        1        0        0        0        0        0        0        0        0        0        0        0        0        0        0        0        0        0        0
   1        1        1        0        0        0        0        0        0        0        0        0        0        0        0        0        0        0        0        0        0        1        1        1        1        1        1        0        0        0        0        0        0        0        0        0
   1        1        1        0        0        0        1        1        1        0        0        0        0        0        0        0        0        0        0        0        0        1        1        1        0        0        0        0        0        0        0        0        0        0        0        0
   1        1        1        1        1        1        0        0        0        0        0        0        0        0        0        0        0        0        0        0        0        0        0        0        1        1        1        0        0        0        0        0        0        0        0        0
   1        1        1        1        1        1        1        1        1        0        0        0        0        0        0        0        0        0        0        0        0        0        0        0        0        0        0        0        0        0        0        0        0        0        0        0
